  Height [m]     Pressure [Pa]  Temperature [K] Specific Humidity [kg/kg] Heating Forcing [K/s] Moistening Forcing [kg/kg/s] Longwave Forcing [K/s] Shortwave Forcing [K/s]     U [m/s]         V [m/s]    
    65.27465162 100325.73437500    296.55438232  1.673266850411891937e-02  0.00000000000000e+00  0.000000000000000000000e+00  0.000000000000000e+00  0.0000000000000000e+00      0.00000000      0.00000000
   131.03884564  99578.91915163    296.55438232  1.673266850411891937e-02  0.00000000000000e+00  0.000000000000000000000e+00  0.000000000000000e+00  0.0000000000000000e+00      0.00000000      0.00000000
   203.40956560  98832.10392825    297.05600686  1.631618991763850515e-02  0.00000000000000e+00  0.000000000000000000000e+00  0.000000000000000e+00  0.0000000000000000e+00      0.00000000      0.00000000
   282.63469695  97949.91546659    297.64855957  1.582421734929084778e-02  0.00000000000000e+00  0.000000000000000000000e+00  0.000000000000000e+00  0.0000000000000000e+00      0.00000000      0.00000000
   368.26627211  97067.72700492    297.37139763  1.592747276882735749e-02  0.00000000000000e+00  0.000000000000000000000e+00  0.000000000000000e+00  0.0000000000000000e+00      0.00000000      0.00000000
   460.52207604  96058.39643441    297.05429077  1.604560948908329010e-02  0.00000000000000e+00  0.000000000000000000000e+00  0.000000000000000e+00  0.0000000000000000e+00      0.00000000      0.00000000
   559.19581451  95049.06586390    296.86109273  1.649990754362858428e-02  0.00000000000000e+00  0.000000000000000000000e+00  0.000000000000000e+00  0.0000000000000000e+00      0.00000000      0.00000000
   664.54918810  93921.18448309    296.64520264  1.700756512582302094e-02  0.00000000000000e+00  0.000000000000000000000e+00  0.000000000000000e+00  0.0000000000000000e+00      0.00000000      0.00000000
   776.15914597  92793.30310228    296.18759970  1.692353122034042853e-02  0.00000000000000e+00  0.000000000000000000000e+00  0.000000000000000e+00  0.0000000000000000e+00      0.00000000      0.00000000
   894.28532611  91556.38994717    295.68576050  1.683137379586696625e-02  0.00000000000000e+00  0.000000000000000000000e+00  0.000000000000000e+00  0.0000000000000000e+00      0.00000000      0.00000000
  1018.54267026  90319.47679206    294.99047202  1.712533719335066276e-02  0.00000000000000e+00  0.000000000000000000000e+00  0.000000000000000e+00  0.0000000000000000e+00      0.00000000      0.00000000
  1149.20240365  88983.72365096    294.23962402  1.744279079139232635e-02  0.00000000000000e+00  0.000000000000000000000e+00  0.000000000000000e+00  0.0000000000000000e+00      0.00000000      0.00000000
  1285.74794450  87647.97050987    293.33799582  1.675874845055321319e-02  0.00000000000000e+00  0.000000000000000000000e+00  0.000000000000000e+00  0.0000000000000000e+00      0.00000000      0.00000000
  1428.44367306  86224.19540957    292.37695312  1.602962985634803772e-02  0.00000000000000e+00  0.000000000000000000000e+00  0.000000000000000e+00  0.0000000000000000e+00      0.00000000      0.00000000
  1625.33504664  84800.42030926    291.18319231  1.471197364618595689e-02  0.00000000000000e+00  0.000000000000000000000e+00  0.000000000000000e+00  0.0000000000000000e+00      0.00000000      0.00000000
  1880.01353030  82341.10502825    289.12118530  1.243595965206623077e-02  0.00000000000000e+00  0.000000000000000000000e+00  0.000000000000000e+00  0.0000000000000000e+00      0.00000000      0.00000000
  2186.30347760  79881.78974724    287.90511765  1.089288231953022823e-02  0.00000000000000e+00  0.000000000000000000000e+00  0.000000000000000e+00  0.0000000000000000e+00      0.00000000      0.00000000
  2550.35697153  76572.76437306    286.26889038  8.816661313176155090e-03  0.00000000000000e+00  0.000000000000000000000e+00  0.000000000000000e+00  0.0000000000000000e+00      0.00000000      0.00000000
  2963.17908973  73263.73899889    284.30030467  8.758327705212540920e-03  0.00000000000000e+00  0.000000000000000000000e+00  0.000000000000000e+00  0.0000000000000000e+00      0.00000000      0.00000000
  3432.37669565  69342.49044712    281.96749878  8.689201436936855316e-03  0.00000000000000e+00  0.000000000000000000000e+00  0.000000000000000e+00  0.0000000000000000e+00      0.00000000      0.00000000
  3946.81122975  65421.24189536    279.36934837  7.507764214836042289e-03  0.00000000000000e+00  0.000000000000000000000e+00  0.000000000000000e+00  0.0000000000000000e+00      0.00000000      0.00000000
  4514.51938192  61148.81473122    276.53851318  6.220520008355379105e-03  0.00000000000000e+00  0.000000000000000000000e+00  0.000000000000000e+00  0.0000000000000000e+00      0.00000000      0.00000000
  5116.79020149  56876.38756708    273.00901368  5.749932400025409632e-03  0.00000000000000e+00  0.000000000000000000000e+00  0.000000000000000e+00  0.0000000000000000e+00      0.00000000      0.00000000
  5759.22876632  52605.67003334    269.48092651  5.279533099383115768e-03  0.00000000000000e+00  0.000000000000000000000e+00  0.000000000000000e+00  0.0000000000000000e+00      0.00000000      0.00000000
  6394.17871377  48334.95249960    264.81346091  3.680917936070466061e-03  0.00000000000000e+00  0.000000000000000000000e+00  0.000000000000000e+00  0.0000000000000000e+00      0.00000000      0.00000000
  7015.06868129  44704.77275285    260.84603882  2.322068903595209122e-03  0.00000000000000e+00  0.000000000000000000000e+00  0.000000000000000e+00  0.0000000000000000e+00      0.00000000      0.00000000
  7631.97347728  41074.59300610    257.53839014  1.638636369277730528e-03  0.00000000000000e+00  0.000000000000000000000e+00  0.000000000000000e+00  0.0000000000000000e+00      0.00000000      0.00000000
  8238.00587738  37988.88359210    254.72683716  1.057708053849637508e-03  0.00000000000000e+00  0.000000000000000000000e+00  0.000000000000000e+00  0.0000000000000000e+00      0.00000000      0.00000000
  8838.36107853  34903.17417810    250.66323594  9.031063274807023689e-04  0.00000000000000e+00  0.000000000000000000000e+00  0.000000000000000e+00  0.0000000000000000e+00      0.00000000      0.00000000
  9426.60444788  32280.26919165    247.20910645  7.716922555118799210e-04  0.00000000000000e+00  0.000000000000000000000e+00  0.000000000000000e+00  0.0000000000000000e+00      0.00000000      0.00000000
 10007.28472201  29657.36420520    242.41204019  5.452742560433068882e-04  0.00000000000000e+00  0.000000000000000000000e+00  0.000000000000000e+00  0.0000000000000000e+00      0.00000000      0.00000000
 10574.49128590  27427.85314797    238.33445740  3.528153465595096350e-04  0.00000000000000e+00  0.000000000000000000000e+00  0.000000000000000e+00  0.0000000000000000e+00      0.00000000      0.00000000
 11133.47732035  25198.34209074    233.29899373  2.327729810864566091e-04  0.00000000000000e+00  0.000000000000000000000e+00  0.000000000000000e+00  0.0000000000000000e+00      0.00000000      0.00000000
 11678.69493659  23303.22169280    229.01876831  1.307350321440026164e-04  0.00000000000000e+00  0.000000000000000000000e+00  0.000000000000000e+00  0.0000000000000000e+00      0.00000000      0.00000000
 12215.20090291  21408.10129487    223.82300639  8.406528719898206015e-05  0.00000000000000e+00  0.000000000000000000000e+00  0.000000000000000e+00  0.0000000000000000e+00      0.00000000      0.00000000
 12737.79504571  19797.21828025    219.40652466  4.439524855115450919e-05  0.00000000000000e+00  0.000000000000000000000e+00  0.000000000000000e+00  0.0000000000000000e+00      0.00000000      0.00000000
 13250.63007597  18186.33526564    214.21872924  2.768039375315595467e-05  0.00000000000000e+00  0.000000000000000000000e+00  0.000000000000000e+00  0.0000000000000000e+00      0.00000000      0.00000000
 13748.56906129  16822.50797749    209.82656860  1.352904018858680502e-05  0.00000000000000e+00  0.000000000000000000000e+00  0.000000000000000e+00  0.0000000000000000e+00      0.00000000      0.00000000
 14239.30689138  15458.68068933    205.43341465  8.557833666851155012e-06  0.00000000000000e+00  0.000000000000000000000e+00  0.000000000000000e+00  0.0000000000000000e+00      0.00000000      0.00000000
 14717.95670246  14299.40387607    201.69915771  4.332222033553989604e-06  0.00000000000000e+00  0.000000000000000000000e+00  0.000000000000000e+00  0.0000000000000000e+00      0.00000000      0.00000000
 15190.70014593  13140.12706280    197.90119397  2.850795085261708348e-06  0.00000000000000e+00  0.000000000000000000000e+00  0.000000000000000e+00  0.0000000000000000e+00      0.00000000      0.00000000
 15652.67470627  12154.72407639    194.67286682  1.591559566804789938e-06  0.00000000000000e+00  0.000000000000000000000e+00  0.000000000000000e+00  0.0000000000000000e+00      0.00000000      0.00000000
 16114.25503859  11169.32108998    193.22835872  1.394465302287021849e-06  0.00000000000000e+00  0.000000000000000000000e+00  0.000000000000000e+00  0.0000000000000000e+00      0.00000000      0.00000000
 16569.88770855  10331.71266317    192.00050354  1.226931999553926289e-06  0.00000000000000e+00  0.000000000000000000000e+00  0.000000000000000e+00  0.0000000000000000e+00      0.00000000      0.00000000
 17023.58337878   9494.10423636    189.92766120  9.724876768597881867e-07  0.00000000000000e+00  0.000000000000000000000e+00  0.000000000000000e+00  0.0000000000000000e+00      0.00000000      0.00000000
 17470.11595132   8782.12302923    188.16571045  7.562057362520135939e-07  0.00000000000000e+00  0.000000000000000000000e+00  0.000000000000000e+00  0.0000000000000000e+00      0.00000000      0.00000000
 18022.43222514   8070.14182210    192.64460967  1.308908235202312326e-06  0.00000000000000e+00  0.000000000000000000000e+00  0.000000000000000e+00  0.0000000000000000e+00      0.00000000      0.00000000
 18722.13296379   7201.24505460    198.11062622  1.983422407647594810e-06  0.00000000000000e+00  0.000000000000000000000e+00  0.000000000000000e+00  0.0000000000000000e+00      0.00000000      0.00000000
 19524.70301055   6332.34828711    199.37055244  2.476540180616261770e-06  0.00000000000000e+00  0.000000000000000000000e+00  0.000000000000000e+00  0.0000000000000000e+00      0.00000000      0.00000000
 20463.58627824   5459.54797417    200.63613892  2.971873300339211710e-06  0.00000000000000e+00  0.000000000000000000000e+00  0.000000000000000e+00  0.0000000000000000e+00      0.00000000      0.00000000
 21533.96763529   4586.74766123    205.45561193  2.824074576358172420e-06  0.00000000000000e+00  0.000000000000000000000e+00  0.000000000000000e+00  0.0000000000000000e+00      0.00000000      0.00000000
 22752.59257648   3826.82997733    209.65176392  2.695391231100074947e-06  0.00000000000000e+00  0.000000000000000000000e+00  0.000000000000000e+00  0.0000000000000000e+00      0.00000000      0.00000000
 24146.35831889   3066.91229343    213.87052562  2.687585825809990968e-06  0.00000000000000e+00  0.000000000000000000000e+00  0.000000000000000e+00  0.0000000000000000e+00      0.00000000      0.00000000
 25711.19830565   2461.22200042    217.23307800  2.681364549061981961e-06  0.00000000000000e+00  0.000000000000000000000e+00  0.000000000000000e+00  0.0000000000000000e+00      0.00000000      0.00000000
 27521.08280084   1855.53170741    223.74045953  2.681743503720329980e-06  0.00000000000000e+00  0.000000000000000000000e+00  0.000000000000000e+00  0.0000000000000000e+00      0.00000000      0.00000000
 29475.05481878   1435.66322513    228.25141907  2.682006197574082762e-06  0.00000000000000e+00  0.000000000000000000000e+00  0.000000000000000e+00  0.0000000000000000e+00      0.00000000      0.00000000
 31771.45749563   1015.79474285    235.70929276  2.723624175423190138e-06  0.00000000000000e+00  0.000000000000000000000e+00  0.000000000000000e+00  0.0000000000000000e+00      0.00000000      0.00000000
 34144.91847571    759.48196463    240.26202393  2.749030272752861492e-06  0.00000000000000e+00  0.000000000000000000000e+00  0.000000000000000e+00  0.0000000000000000e+00      0.00000000      0.00000000
 36958.96111881    503.16918641    244.84123211  2.917520795254223559e-06  0.00000000000000e+00  0.000000000000000000000e+00  0.000000000000000e+00  0.0000000000000000e+00      0.00000000      0.00000000
 39717.32445968    364.34656940    247.32139587  3.008777639479376376e-06  0.00000000000000e+00  0.000000000000000000000e+00  0.000000000000000e+00  0.0000000000000000e+00      0.00000000      0.00000000
 44173.61484366    225.52395239    247.32139587  3.008777639479376376e-06  0.00000000000000e+00  0.000000000000000000000e+00  0.000000000000000e+00  0.0000000000000000e+00      0.00000000      0.00000000
 44173.61484366    225.52395239    247.32139587  3.008777639479376376e-06  0.00000000000000e+00  0.000000000000000000000e+00  0.000000000000000e+00  0.0000000000000000e+00      0.00000000      0.00000000
